0 0 0
0 0 0
0 0 0
0 0 0
0 0 0
0 0 0
1.133823044494665e-14 -7.558820296631099e-15 1.133823044494665e-14
1.151146961238901e-13 -7.447862111584087e-14 1.151146961238901e-13
6.082509697966724e-13 -3.795748029694998e-13 6.082509697966724e-13
2.22459302092278e-12 -1.330076140703777e-12 2.22459302092278e-12
6.332503529383065e-12 -3.603021697315769e-12 6.332503529383068e-12
1.499212335884696e-11 -8.069439776937995e-12 1.499212335884697e-11
3.087741044437792e-11 -1.566906740064902e-11 3.087741044437792e-11
5.725180712459646e-11 -2.743385670406425e-11 5.725180712459648e-11
9.823477672110978e-11 -4.483409618802826e-11 9.823477672110979e-11
1.594105568067677e-10 -7.040864690270726e-11 1.594105568067678e-10
2.485927135774127e-10 -1.084344971083216e-10 2.485927135774127e-10
3.766156951450178e-10 -1.654467471941336e-10 3.766156951450178e-10
5.585004632490925e-10 -2.507504141899282e-10 5.585004632490925e-10
8.158661326606742e-10 -3.773482707905915e-10 8.158661326606741e-10
1.181415178376166e-09 -5.636071986553349e-10 1.181415178376166e-09
1.705492044052598e-09 -8.355905295314936e-10 1.705492044052597e-09
2.463725472100651e-09 -1.229841183798082e-09 2.46372547210065e-09
3.56470353280059e-09 -1.796939455357661e-09 3.564703532800589e-09
5.158047150035455e-09 -2.607060815565734e-09 5.158047150035455e-09
7.445417936949432e-09 -3.759059437107109e-09 7.445417936949434e-09
1.069830974214919e-08 -5.393675898815227e-09 1.069830974214919e-08
1.528580922687577e-08 -7.709979390934856e-09 1.528580922687577e-08
2.171340265549514e-08 -1.098381689499139e-08 2.171340265549513e-08
3.06723098375983e-08 -1.558903060469371e-08 3.06723098375983e-08
4.309951009594109e-08 -2.202563965566659e-08 4.309951009594109e-08
6.02515637249333e-08 -3.096139843471177e-08 6.025156372493329e-08
8.379862916945572e-08 -4.329198132928701e-08 8.37986291694557e-08
1.159465924616119e-07 -6.022122425101529e-08 1.159465924616119e-07
1.595944632387047e-07 -8.335995728279018e-08 1.595944632387047e-07
2.185326681845517e-07 -1.148435004969019e-07 2.185326681845517e-07
2.976876249087026e-07 -1.574738779949313e-07 2.976876249087025e-07
4.034196386042973e-07 -2.148991805386723e-07 4.034196386042972e-07
5.438834666478628e-07 -2.918444659377779e-07 5.438834666478628e-07
7.294620647269791e-07 -3.944050171390646e-07 7.294620647269791e-07
9.732835641098063e-07 -5.30407628762302e-07 9.732835641098065e-07
1.291830532527404e-06 -7.098444727537958e-07 1.291830532527405e-06
1.705650217297259e-06 -9.453889813640251e-07 1.705650217297259e-06
2.240174272936798e-06 -1.253010264074761e-06 2.240174272936798e-06
2.926654306631559e-06 -1.652705568047001e-06 2.92665430663156e-06
3.80321365844368e-06 -2.169366414847389e-06 3.80321365844368e-06
4.91600678303982e-06 -2.833786858711366e-06 4.91600678303982e-06
6.32046823255511e-06 -3.683818393256963e-06 6.320468232555111e-06
8.082625977289458e-06 -4.765678344748923e-06 8.082625977289458e-06
1.028044799134113e-05 -6.135422917982488e-06 1.028044799134113e-05
1.300518294163018e-05 -7.860594388829676e-06 1.300518294163018e-05
1.636264171001186e-05 -1.002203997886038e-05 1.636264171001185e-05
2.047434617793499e-05 -1.27158817236143e-05 2.047434617793499e-05
2.547844937859434e-05 -1.605560133761127e-05 2.547844937859434e-05
3.153031232887205e-05 -2.017419759495364e-05 3.153031232887204e-05
3.88026103813779e-05 -2.522637277721711e-05 3.88026103813779e-05
4.748483417614252e-05 -3.13906992049941e-05 4.748483417614253e-05
5.778204361958433e-05 -3.88716989627749e-05 5.778204361958435e-05
6.991272646779077e-05 -4.790174168511467e-05 6.991272646779078e-05
8.410560933371628e-05 -5.874263755982167e-05 8.410560933371629e-05
0.0001005952744495032 -7.168678630390151e-05 0.0001005952744495032
0.0001196164552350671 -8.705773964128408e-05 0.0001196164552350671
0.0001413969185152404 -0.000105210036918424 0.0001413969185152405
0.0001661488886421098 -0.0001265281713216696 0.0001661488886421098
0.0001940590263446951 -0.0001514245356926255 0.0001940590263446951
0.000225277042856407 -0.0001803361901339618 0.0002252770428564069
0.0002599031096440731 -0.0002137202998712765 0.0002599031096440731
0.0002979743166184384 -0.0002520481167703083 0.0002979743166184383
0.0003394505341177024 -0.0002957974175205855 0.0003394505341177023
0.0003842001398257732 -0.0003454433569188713 0.000384200139825773
0.0004319861736867703 -0.0004014477404277123 0.0004319861736867703
0.0004824535755421099 -0.0004642467683030498 0.0004824535755421099
0.0005351182365429106 -0.000534237360383903 0.0005351182365429106
0.000589358650659426 -0.0006117622395098864 0.0005893586506594261
0.0006444109791483532 -0.0006970940286906377 0.0006444109791483533
0.000699368329832984 -0.0007904186937331079 0.0006993683298329841
0.000753184997036291 -0.0008918187310133433 0.0007531849970362913
0.0008046863029726511 -0.001001256556338086 0.0008046863029726513
0.0008525845269356362 -0.001118558596138749 0.0008525845269356364
0.0008955012065346029 -0.0012434006169153 0.0008955012065346033
0.0009319958486174976 -0.001375294849792576 0.000931995848617498
0.0009606008015245707 -0.001513579468718757 0.0009606008015245714
0.000979861724138507 -0.001657410958928749 0.0009798617241385079
0.0009883827552274794 -0.001805759866503326 0.0009883827552274798
0.0009848751573748207 -0.001957410353370947 0.0009848751573748205
0.0009682079033451571 -0.002110963898924778 0.0009682079033451561
0.0009374584080567454 -0.002264847392292945 0.0009374584080567434
0.0008919614038170252 -0.002417325749966938 0.0008919614038170231
0.0008313538267492441 -0.002566519074703368 0.0008313538267492427
0.0007556135445679348 -0.002710424248546577 0.0007556135445679345
0.0006650898240965886 -0.00284694073266035 0.0006650898240965889
0.0005605236196776496 -0.00297390023666962 0.0005605236196776497
0.000443056060823108 -0.00308909982573113 0.0004430560608231076
0.0003142239197386445 -0.003190337956990886 0.0003142239197386435
0.0001759413300855213 -0.00327545287813641 0.0001759413300855205
3.046758653800883e-05 -0.00334236277733326 3.046758653800881e-05
-0.0001196385433293421 -0.003389107043297015 -0.000119638543329341
-0.0002715769443945338 -0.003413887974273645 -0.0002715769443945318
-0.0004223750617188401 -0.003415112263303753 -0.0004223750617188378
-0.0005689011753021883 -0.003391474385766223 -0.0005689011753021863
-0.0007075768642572872 -0.003342230050568414 -0.000707576864257286
-0.0008334311666950574 -0.003267830283019514 -0.0008334311666950571
-0.0009384749210606956 -0.003170784377307331 -0.0009384749210606959
-0.001010243715654811 -0.00305605369022353 -0.001010243715654812
-0.001032085686467533 -0.002930057736575671 -0.001032085686467533
-0.0009863128894545868 -0.002798167694155846 -0.0009863128894545855
-0.0008595150614824022 -0.002662119217411444 -0.0008595150614823993
-0.0006475857460060426 -0.002519652680610143 -0.0006475857460060384
-0.0003582956209924409 -0.002367493283861616 -0.000358295620992437
-1.172630089977938e-05 -0.002205982279055612 -1.172630089977752e-05
0.0003591014374574716 -0.00204177690259865 0.0003591014374574703
0.0007066931273460235 -0.00188628100063017 0.0007066931273460194
0.0009708559917185439 -0.001751038016443287 0.000970855991718539
0.001090991934685133 -0.001643554884443237 0.001090991934685129
0.001031241933521433 -0.001565277458020741 0.001031241933521431
0.000808510407121629 -0.001509745738389042 0.0008085104071216299
0.0005031127194315885 -0.001458697984497171 0.0005031127194315904
0.0002354885352542475 -0.001379416533423939 0.0002354885352542489
0.0001128461431044797 -0.001232440550715697 0.0001128461431044797
0.0001741486826149567 -0.0009953656616765434 0.0001741486826149553
0.0003701163925485278 -0.0006931588421516845 0.0003701163925485257
0.0005958486949750339 -0.0004097331785972624 0.0005958486949750322
0.0007577452514561146 -0.000258073844196889 0.0007577452514561141
0.0008302015897981948 -0.000314127412897494 0.000830201589798195
0.0008629062138779599 -0.0005555879241972698 0.0008629062138779601
0.0009344231752693271 -0.0008579045513972596 0.0009344231752693264
0.001086208295368907 -0.001066878557488546 0.001086208295368906
0.00128409403893553 -0.00110765245359115 0.001284094038935529
0.001432941829292205 -0.001051048147955202 0.001432941829292206
0.001432757789586329 -0.001078944549187791 0.001432757789586331
0.001239572810752451 -0.001362968010997905 0.001239572810752454
0.0008967820080708599 -0.001940092801278742 0.0008967820080708614
0.0005242542351677972 -0.002675848637233312 0.0005242542351677964
0.0002737175220871102 -0.003340622052175771 0.0002737175220871081
0.000268146416383974 -0.003739049891002886 0.0002681464163839723
0.0005441119861422289 -0.003798131718819319 0.0005441119861422292
0.001018119450138662 -0.003563825977392836 0.001018119450138664
0.001499443163131571 -0.003136107428098459 0.001499443163131574
0.001760623894103879 -0.00261481922304827 0.001760623894103882
0.001646107092783082 -0.0020969659311332 0.001646107092783084
0.001164550453338518 -0.001696921011183596 0.001164550453338521
0.0005021532834887093 -0.001528741516718471 0.0005021532834887144
-6.745737604818875e-05 -0.0016325047219416 -6.745737604818249e-05
-0.0003334756301824878 -0.001904263811014804 -0.0003334756301824831
-0.0002658998579660185 -0.002118274782433369 -0.0002658998579660176
-2.154367884104022e-05 -0.00206596210628023 -2.154367884104287e-05
0.0001683871971783252 -0.001724858248828038 0.0001683871971783215
0.0001527759856410796 -0.001315736032995566 0.000152775985641078
-4.86311673717179e-05 -0.001173088872206959 -4.863116737171663e-05
-0.0002760392239537464 -0.001502089230970339 -0.0002760392239537445
-0.000351191127954819 -0.002202006541527655 -0.0003511911279548195
-0.0001974781839289999 -0.002902565740562722 -0.0001974781839290036
0.0001231570352704029 -0.003201475585032564 0.0001231570352703985
0.0004693341396285053 -0.002933116380689197 0.0004693341396285047
0.000718543447086873 -0.002270907793158204 0.0007185434470868781
0.0008300536173278864 -0.001593767830937904 0.0008300536173278954
0.0008379869968760645 -0.001226453715456463 0.0008379869968760731
0.0007982633712799649 -0.001249963442327789 0.0007982633712799708
0.0007412423846581013 -0.001507720985117653 0.0007412423846581069
0.0006639524904320847 -0.001772458245034651 0.0006639524904320976
0.0005555973409003417 -0.001922482837814773 0.000555597340900372
0.0004247842283131472 -0.001992118415115177 0.0004247842283132058
0.0003037583815548508 -0.002081806062577637 0.0003037583815549513
0.0002304067440169663 -0.002228956424531841 0.0002304067440171303
0.000226781079790327 -0.002358090597884668 0.0002267810797905924
0.0002901627451112366 -0.002346463446549814 0.0002901627451116669
0.0003977941056460182 -0.002139461782047393 0.0003977941056467146
0.0005165847950369317 -0.001814338768619347 0.0005165847950380511
0.0006116605626730742 -0.001541437803101978 0.0006116605626748594
0.0006548609342289449 -0.001476560542147595 0.0006548609342317714
0.000635052657969815 -0.001665348547437967 0.0006350526579742631
0.0005655045939360011 -0.002020906655843107 0.0005655045939429594
0.0004795355244345325 -0.002377199469143935 0.0004795355244453524
0.0004125119265485629 -0.002574256043951119 0.0004125119265652854
0.0003815006324032666 -0.002525912663732838 0.0003815006324289569
0.0003793300567664354 -0.002246487942454964 0.0003793300568056715
0.0003888880837592843 -0.001839584181388258 0.0003888880838188662
0.0004042494774783832 -0.001461488407339521 0.0004042494775683562
0.0004366074284063984 -0.001268338271058273 0.0004366074285415222
0.0004961806882822263 -0.001356108530192613 0.0004961806884840768
0.0005664790110295907 -0.001711767184118042 0.0005664790113295523
0.0006003460078894595 -0.002202259183861955 0.0006003460083329635
0.0005518518072078016 -0.00261979796976588 0.0005518518078603005
0.0004238894318280531 -0.002773915818677322 0.0004238894327834046
0.0002884608151771091 -0.002588195441369814 0.000288460816569295
0.0002501843296144313 -0.002146765333599886 0.0002501843316338696
0.0003686348342129335 -0.00165706361897642 0.0003686348371290936
0.0005965335127416667 -0.001342936732491295 0.000596533516934294
0.0007903934870611185 -0.001327232475248721 0.0007903934930631731
0.000800657525523204 -0.001574069274500117 0.0008006575340796741
0.0005839550580579454 -0.001925876028161945 0.0005839550702060888
0.0002527850494203145 -0.002208786158914148 0.0002527850665987072
1.534592988653641e-05 -0.002333846660839174 1.534595408269121e-05
3.788930459711472e-05 -0.002326010876752945 3.788933854652209e-05
0.0003246430748634816 -0.002267985057239065 0.0003246431223169261
0.0007049913889314047 -0.002211653261380809 0.0007049914550125417
0.0009432370387964141 -0.002133979615882239 0.0009432371304781543
0.0008962817530230689 -0.001975168081106788 0.0008962818797596606
0.0006073993011367204 -0.001724378206915918 0.000607399475698949
0.0002700061655310146 -0.001472947960416111 0.0002700064051051685
9.050615493274661e-05 -0.001377756210568494 9.050648256050625e-05
0.0001516821101430241 -0.001552202741932527 0.0001516825565998998
0.0003730183802401427 -0.001967172116033203 0.0003730189864753029
0.0005876545965430112 -0.002443143448001238 0.0005876554168341849
0.000668720885542834 -0.002746453825842386 0.0006687219915574321
0.0006077766645297749 -0.002723779835855378 0.0006077781505285353
0.0004944962311822044 -0.002383642475929176 0.0004944982206556596
0.0004277784427521178 -0.001879143347577312 0.0004277810968442279
0.0004374981309677955 -0.001419241257997594 0.0004375016591163498
0.000477077320899401 -0.001175133382770261 0.0004770819942103978
0.000481820478473299 -0.001229144421084869 0.0004818266464474285
0.0004343033436542858 -0.001566118035778669 0.0004343114549985466
0.0003791173416822775 -0.002081819434070342 0.0003791279700689315
0.0003786249579992674 -0.002598376819590238 0.0003786388337774489
0.0004529019581468391 -0.002904777815535315 0.0004529200071680354
0.000557232972043684 -0.002838219075588247 0.0005572563629287825
0.0006150135898715061 -0.00238128510249777 0.0006150437912205673
0.0005770169456279156 -0.00170947974625593 0.0005770557948489842
0.0004593828727301218 -0.001132719193296441 0.0004594326583328932
0.0003335420948848166 -0.0009408137787466289 0.0003336056542390243
0.0002792246758960894 -0.001238806206186028 0.0002793055105804948
0.0003350150856521891 -0.001878943088073093 0.0003351174966022548
0.0004762446584433575 -0.002538690840895547 0.0004763739031248721
0.0006285130885855262 -0.002898639632153008 0.0006286755623547116
0.0007060724520336931 -0.002810907075467594 0.0007062758956650486
0.0006564745781726769 -0.002361089299811213 0.0006567283132137547
0.0004923613279311408 -0.001799642402247526 0.000492676521045116
0.0002935592729723599 -0.001396472360617349 0.0002939492297186161
0.0001711907645554978 -0.001306451618858742 0.0001716712520979479
0.0002050529930979953 -0.001512983230638144 0.0002056425900829502
0.0003886052350709448 -0.001865606033054613 0.0003893257053454621
0.0006221257773063875 -0.002178583914277052 0.0006230024622231402
0.0007689960901903179 -0.002331508639907769 0.0007700583119426892
0.0007439268944683691 -0.002317239517494931 0.0007452083602075197
0.000571121450054715 -0.00221465800140776 0.0005726606434619862
0.0003661093626517768 -0.00211071910525342 0.0003679499061981373
0.0002517653975850477 -0.002031774396318559 0.000253956364952263
0.000272588951404412 -0.001939330430046111 0.0002751851055477587
0.0003743899575474896 -0.001794589494105169 0.0003774518857589974
0.0004626364884546726 -0.001633285031064053 0.0004662306016892526
0.0004863073279592814 -0.00157270081025568 0.0004905056878053812
0.0004735390354905999 -0.001724570930494391 0.0004784189687369658
0.000490090987040546 -0.002076277898442412 0.000495734445088761
0.0005623814680538209 -0.002449966434201967 0.0005688740867698676
0.000639544347975633 -0.002600444807533343 0.0006469741633139966
0.0006331810326951844 -0.002396027143157968 0.0006416368089415615
0.000501244557433471 -0.0019400409782476 0.0005108136885834508
0.0002997635324188471 -0.001520081611414145 0.0003105294834197632
0.0001524120837674507 -0.001406648328107179 0.0001644513474501936
0.0001598595545494574 -0.001653400534473216 0.0001732381123633019
0.000323615084567461 -0.002060877061060206 0.0003383843749174252
0.0005460371154366457 -0.002336379873186226 0.0005622295326080896
0.0007027216489319608 -0.002320285193963327 0.0007203456182220951
0.0007251490852043128 -0.002093786846654969 0.0007441837857366914
0.0006302759811631149 -0.001885339566084175 0.0006506658165024691
0.000485649394399831 -0.001864943112219846 0.0005072983418424539
0.000352690523889581 -0.002006848541524417 0.0003754565252634873
0.0002590992095018639 -0.002133826678401471 0.0002827887983042011
0.0002126505133519527 -0.002092858960649711 0.0002370139036693144
0.0002255719841814896 -0.001899498556565184 0.0002502988744553629
0.0003135723232296585 -0.001723577716579253 0.000338288690743172
0.0004678265152580001 -0.001735001154027919 0.0004920926933171248
0.0006336403596490814 -0.001951000087998131 0.0006569506968630851
0.000728352765808672 -0.002218446725704341 0.000750137163753983
0.0006936452514723464 -0.002340836061021694 0.0007132728616337571
0.0005410131131437519 -0.002235223215324059 0.0005577984449354304
0.000350227611422241 -0.001987824935162336 0.0003634392592692951
0.0002192139283108553 -0.001773226177236996 0.000228086066703654
0.0002041208967967224 -0.001717467374142966 0.0002078676180046649
0.0002940128536860007 -0.001819341280562191 0.0002918453341998483
0.000432672278261383 -0.001979080465326246 0.0004238186584988372
0.000561762164941406 -0.002089549126768104 0.000545489914479861
0.0006489744860283777 -0.002106495150817705 0.000624614906459139
0.0006867754041550332 -0.002052897935189162 0.0006537497969878253
0.0006765680255475209 -0.001977741122745484 0.0006344149272735636
0.0006212725397388787 -0.001918153208456853 0.0005696753043110221
0.0005326678505343226 -0.001890375739724011 0.0004714817453953349
0.0004395793674722065 -0.001897147361727635 0.0003688572470918042
0.0003811739298268771 -0.001929629244978285 0.0003011894646113812
0.0003865011497552507 -0.001963401972292754 0.0002977685221381242
0.000457280596845465 -0.001966341150440263 0.0003605695342277612
0.0005684865487479462 -0.001924634574084956 0.0004648315486767847
0.000683979968861631 -0.001864754027487319 0.0005746825896747543
0.0007716314853925362 -0.001841264047349106 0.0006582546304229705
0.000807519806751708 -0.001889996858936456 0.0006918730279614924
0.0007746964431351676 -0.001986350837308623 0.0006588114378556437
0.0006691362776268761 -0.002054077178766543 0.0005552319583724101
0.0005141805188449614 -0.002027099413229802 0.0004046173104726312
0.0003671640579697242 -0.001913146949062488 0.0002643874287147036
0.0002998929274418336 -0.001797940208464105 0.0002063665996355656
0.0003556751038145607 -0.001778324903540432 0.000273804922666464
0.0005120663173262662 -0.001879097154213444 0.0004441163829117128
0.0006830556003921379 -0.002027941526538338 0.0006310589812934395
0.0007675805431059803 -0.002113882598176889 0.0007332476703399912
0.0007133580707231225 -0.002079929736069552 0.000697986722594116
0.0005494116366917584 -0.001969110410104737 0.0005538032158128066
0.0003630355596010389 -0.001884512404610401 0.0003874230597536774
0.0002397077364475762 -0.001900312286187083 0.0002837013075791731
0.0002118117160657317 -0.002002270236547002 0.0002743679537036172
0.0002516622940973034 -0.002106598041442921 0.0003310831898263699
0.0003067636240767713 -0.002135202305994672 0.0004007304043939737
0.0003432861842930662 -0.002078649739734146 0.0004489319416257808
0.0003629241935777584 -0.001995311315818653 0.0004769472163848625
0.0003855707305565508 -0.001955248811797609 0.0005043877647578688
0.0004195112169887126 -0.001983143681181322 0.0005394466074737608
0.0004477132562424071 -0.002047410978009289 0.0005652161826662839
0.000441010988634191 -0.002095932844302542 0.0005528890793036393
0.0003850015031414223 -0.002099628482159379 0.0004886553356305471
0.000297625229338323 -0.002066791353408544 0.0003912650389366633
0.0002237869905289293 -0.002024746500318232 0.0003066107915725116
0.0002110041178306892 -0.001994180042946563 0.0002833158883060183
0.0002816571360345475 -0.001980026831949275 0.0003449051592248297
0.0004173932911434458 -0.001979437095720198 0.0004741125040018878
0.0005636022599151957 -0.001990328424450997 0.0006172506471315963
0.0006527444515721044 -0.002009636906622357 0.0007074320093249979
0.0006372876464888661 -0.002027709299414814 0.0006974067774953
0.0005169340657923692 -0.002031682291642917 0.0005867116907885219
0.0003439136206024162 -0.002018502992870935 0.0004269167317285906
0.0001988620358078833 -0.002002887215189138 0.000297498570297002
0.0001472092652305116 -0.002007018278525635 0.0002622736190759255
0.0002016267974249587 -0.002038021949091977 0.0003319426422857833
0.0003161525234327404 -0.002075626762075108 0.0004583636767634919
0.0004179217491997634 -0.002086080102435805 0.0005664739442639862
0.0004554250470263359 -0.002052938872233171 0.0006027674318359319
0.0004291137285636179 -0.00199602572820806 0.0005661294124594655
0.0003830882395781955 -0.001957949894329151 0.0004997396313687406
0.0003665492975268068 -0.001967526612995196 0.0004526985346888907
0.0003966827769635488 -0.002012684704809933 0.000443023037212629
0.0004517685649757199 -0.002048540081027815 0.0004507816249369339
0.0004971963191293683 -0.002034623206533141 0.0004440384954462175
0.0005198719211797327 -0.001968510165745028 0.0004130871518706544
0.0005407813798217368 -0.00188661925314413 0.0003827484323579622
0.0005951217127656075 -0.00183306328832205 0.0003921628107976755
0.0006970590116822576 -0.001825510487150151 0.0004591684820901407
0.0008188167183144598 -0.001847285959642198 0.0005590078839227353
0.0009020708564845725 -0.001868946122056212 0.0006353831810515966
0.0008943177932311576 -0.001876160849110464 0.0006365689938436273
0.0007843883596989234 -0.001878230460934311 0.0005507921420420463
0.000612674517489071 -0.001892825211956642 0.0004164683653128061
0.0004497858870742265 -0.001925163052977833 0.0003010206740440269
0.0003578576660445073 -0.001962447370474156 0.0002624893629404636
0.0003581090589218953 -0.00198692061469048 0.0003175025367914011
0.0004226376028182049 -0.00199252409254541 0.0004335462427628244
0.0004934785012645624 -0.001988702217385981 0.0005485063419246559
0.0005169531192764094 -0.001989583421424133 0.0006054459421779821
0.0004736765228916961 -0.002001079394394876 0.0005829330019247431
0.0003874724130677509 -0.002018268270676141 0.0005041245009807809
0.0003084718636283937 -0.002032986374363229 0.0004198617559067105
0.000280997059614145 -0.002041316306903728 0.0003763804898208076
0.0003166543814117944 -0.002043071891831004 0.0003880872254148802
0.0003901895900482601 -0.002036253098020596 0.0004330034174066674
0.0004603823766633284 -0.002015680896649028 0.0004732176386078809
0.0005003155457821181 -0.001979536519397422 0.0004847487250513806
0.0005141839419897046 -0.001936876325929711 0.0004740461255395817
0.0005280057970525579 -0.001905972944249971 0.0004685342406832046
0.0005622735113042098 -0.001902030745006534 0.000489256772898985
0.0006095353272437036 -0.001924586179986233 0.0005286024553751906
0.0006365020480060865 -0.001956895672025979 0.0005526682203583528
0.0006104743860203627 -0.001978886622336824 0.0005279956499346951
0.0005294250378041045 -0.001982259462256331 0.0004519442205145495
0.0004307984534772004 -0.001974273948309016 0.0003616964301517129
0.0003699313677882927 -0.001967851748764822 0.0003127466008709843
0.0003825446195883266 -0.001968730162130346 0.0003413007924326016
0.0004584538383510255 -0.001972402366713823 0.0004377472929443825
0.0005457937369674564 -0.001972789979937409 0.0005505395381529164
0.0005831198780605958 -0.001972305764775781 0.0006179307331966805
0.0005374891451741852 -0.001981742505504559 0.0006057517225307779
0.0004236282949853792 -0.002009301694755868 0.0005264289479593242
0.0002933110058332597 -0.002049729555651246 0.0004284285542580694
0.0002039035685980352 -0.002085020083993744 0.0003651141534767597
0.0001870271202842647 -0.00209702044981027 0.0003639448746885746
0.0002358218464574921 -0.002080759882993416 0.0004144276803023696
0.0003158997793631971 -0.002046769610084439 0.000479797479011599
0.0003903012110000791 -0.002011241160095635 0.0005226032034813763
0.0004414808256404762 -0.001983859396716446 0.000527089994265488
0.0004769346651777826 -0.001964024117318484 0.0005048806610886291
0.000516541612880076 -0.00194695107973259 0.0004819746274925472
0.0005718327153757854 -0.00193165705765275 0.0004772912622544802
0.0006326887070442633 -0.001922336597743659 0.0004883452903849128
0.0006717535493086164 -0.001922675325061597 0.00049449385611341
0.0006640787515701779 -0.001930273932991706 0.0004754634174240462
0.000607720809901055 -0.001937805366115146 0.0004310809038548635
0.0005290772413961316 -0.0019399735240302 0.0003861678333513977
0.0004671601958009247 -0.001939066454032698 0.0003749055634588003
0.0004469315598915025 -0.001943329697088224 0.000414815142428179
0.0004612684597152203 -0.001959649340720043 0.0004898402736067438
0.0004760372786425663 -0.001987430437662682 0.0005568393961140284
0.000455977567756827 -0.002018842791855091 0.0005729509011792884
0.0003930270603702028 -0.002044164665029795 0.0005252009213218934
0.000315928928701393 -0.002056721277547819 0.000440956744807311
0.0002731252183930307 -0.002053819943302208 0.0003710617821426373
0.0003003824141665908 -0.002035213226895764 0.0003570355268238502
0.000395725779880479 -0.002002911158775998 0.0004049749616008224
0.0005189166988426473 -0.001963252276347457 0.0004835676223640768
0.0006152608826657416 -0.001927835323157314 0.0005462672502591594
0.0006470734208030115 -0.001909710278164001 0.0005612607032789284
0.0006122165740201956 -0.001915980790914714 0.0005289271583370197
0.0005394750879785209 -0.00194268561696622 0.0004767659344823029
0.0004666827226621018 -0.001977000306611851 0.0004378010764075646
0.0004179113987633219 -0.002005555714590639 0.000428729598941826
