0 0 0
0 0 0
0 0 0
0 0 0
0 0 0
0 0 0
1.133823044494665e-14 -7.558820296631099e-15 1.133823044494665e-14
1.151146961238901e-13 -7.447862111584087e-14 1.151146961238901e-13
6.082509697966724e-13 -3.795748029694998e-13 6.082509697966724e-13
2.22459302092278e-12 -1.330076140703777e-12 2.22459302092278e-12
6.332503529383065e-12 -3.603021697315769e-12 6.332503529383068e-12
1.499212335884696e-11 -8.069439776937995e-12 1.499212335884697e-11
3.087741044437792e-11 -1.566906740064902e-11 3.087741044437792e-11
5.725180712459646e-11 -2.743385670406425e-11 5.725180712459648e-11
9.823477672110978e-11 -4.483409618802826e-11 9.823477672110979e-11
1.594105568067677e-10 -7.040864690270726e-11 1.594105568067678e-10
2.485927135774127e-10 -1.084344971083216e-10 2.485927135774127e-10
3.766156951450178e-10 -1.654467471941336e-10 3.766156951450178e-10
5.585004632490925e-10 -2.507504141899282e-10 5.585004632490925e-10
8.158661326606742e-10 -3.773482707905915e-10 8.158661326606741e-10
1.181415178376166e-09 -5.636071986553349e-10 1.181415178376166e-09
1.705492044052598e-09 -8.355905295314936e-10 1.705492044052597e-09
2.463725472100659e-09 -1.229841183798082e-09 2.463725472100659e-09
3.56470353280071e-09 -1.796939455357642e-09 3.56470353280071e-09
5.158047150036723e-09 -2.607060815565425e-09 5.158047150036723e-09
7.445417936959456e-09 -3.759059437103595e-09 7.445417936959456e-09
1.069830974221264e-08 -5.393675898785141e-09 1.069830974221264e-08
1.528580922721057e-08 -7.709979390727712e-09 1.528580922721057e-08
2.171340265700747e-08 -1.09838168937973e-08 2.171340265700747e-08
3.067230984355805e-08 -1.558903059876971e-08 3.067230984355804e-08
4.309951011671455e-08 -2.202563962986322e-08 4.309951011671454e-08
6.025156378962743e-08 -3.096139833453246e-08 6.025156378962743e-08
8.379862935075473e-08 -4.329198097850185e-08 8.379862935075473e-08
1.159465929208846e-07 -6.022122313269577e-08 1.159465929208846e-07
1.595944642923451e-07 -8.335995401160254e-08 1.595944642923451e-07
2.185326703703122e-07 -1.148434916608972e-07 2.185326703703121e-07
2.976876289815629e-07 -1.574738558337052e-07 2.976876289815629e-07
4.034196453095049e-07 -2.148991286847352e-07 4.034196453095049e-07
5.438834760152189e-07 -2.918443522651544e-07 5.438834760152189e-07
7.294620745428826e-07 -3.944047827686044e-07 7.294620745428824e-07
9.732835672128027e-07 -5.304071725845183e-07 9.732835672128023e-07
1.291830512694011e-06 -7.098436314315811e-07 1.291830512694011e-06
1.705650143732224e-06 -9.453875053732354e-07 1.705650143732224e-06
2.240174093634043e-06 -1.253007790270961e-06 2.240174093634043e-06
2.926653940881187e-06 -1.65270158759351e-06 2.926653940881187e-06
3.803212988234247e-06 -2.169360231294839e-06 3.803212988234248e-06
4.916005641876305e-06 -2.833777524440656e-06 4.916005641876306e-06
6.320466388413169e-06 -3.683804604376993e-06 6.32046638841317e-06
8.082623104518141e-06 -4.765658266973846e-06 8.082623104518141e-06
1.028044362487782e-05 -6.135393911391746e-06 1.028044362487782e-05
1.300517640613807e-05 -7.860552598945521e-06 1.300517640613807e-05
1.636263201599139e-05 -1.002197976368689e-05 1.636263201599139e-05
2.047433187524856e-05 -1.271579488645027e-05 2.047433187524857e-05
2.547842835374941e-05 -1.605547612671391e-05 2.547842835374942e-05
3.153028152512258e-05 -2.017401740712884e-05 3.15302815251226e-05
3.880256541082517e-05 -2.522611446032769e-05 3.880256541082517e-05
4.748476878204338e-05 -3.13903307966974e-05 4.748476878204338e-05
5.778194893594396e-05 -3.887117663654845e-05 5.778194893594394e-05
6.991259001072459e-05 -4.790100560813817e-05 6.991259001072459e-05
8.410541364101697e-05 -5.874160630596861e-05 8.410541364101698e-05
0.0001005949952563374 -7.168534940820283e-05 0.0001005949952563374
0.0001196160590319488 -8.705574782194286e-05 0.0001196160590319488
0.0001413963592812613 -0.0001052072894154668 0.0001413963592812612
0.0001661481034876824 -0.0001265243996921084 0.0001661481034876824
0.0001940579297390422 -0.0001514193832472772 0.0001940579297390422
0.000225275519054507 -0.0001803291859948952 0.000225275519054507
0.0002599010028554672 -0.0002137108263777834 0.0002599010028554672
0.000297971418360681 -0.0002520353686869629 0.000297971418360681
0.0003394465670588088 -0.0002957803512367079 0.0003394465670588088
0.000384194737244171 -0.0003454206276081393 0.0003841947372441708
0.0004319788534796445 -0.0004014176249775555 0.0004319788534796443
0.0004824437075147664 -0.0004642070717163704 0.0004824437075147663
0.0005351050015254415 -0.0005341853032681263 0.0005351050015254416
0.0005893409898174154 -0.0006116943241683461 0.0005893409898174156
0.0006443875316626467 -0.0006970058812203102 0.0006443875316626468
0.0006993373569029919 -0.0007903048794676622 0.0006993373569029919
0.0007531442899155068 -0.0008916725407356962 0.0007531442899155066
0.0008046330725043983 -0.001001069761034065 0.0008046330725043981
0.0008525152718677545 -0.001118321168742397 0.0008525152718677544
0.0008954115577947836 -0.001243100420505791 0.0008954115577947839
0.0009318803867459568 -0.001374917292988435 0.0009318803867459574
0.0009604528445876159 -0.001513107130522378 0.0009604528445876163
0.0009796730836837231 -0.001656823187001241 0.0009796730836837231
0.0009881434582063851 -0.001805032354858613 0.0009881434582063846
0.000984573132495272 -0.001956514707852114 0.0009845731324952714
0.0009678286310789156 -0.00210986720159708 0.0009678286310789154
0.0009369845345607242 -0.002263511778986657 0.0009369845345607248
0.0008913723203436511 -0.002415708018462633 0.0008913723203436523
0.000830625217707761 -0.002564570344265838 0.0008306252177077625
0.0007547169092269236 -0.00270808969449847 0.0007547169092269245
0.0006639919789621173 -0.002844159422303795 0.0006639919789621175
0.0005591861908157484 -0.002970605094981824 0.0005591861908157481
0.0004414349777803212 -0.003085217760692378 0.0004414349777803211
0.0003122689251807966 -0.003185790174878887 0.0003122689251807974
0.0001735955217181321 -0.003270155418314018 0.0001735955217181337
2.766701016177827e-05 -0.003336227293667112 2.766701016178013e-05
-0.0001229652287803479 -0.003382041855174869 -0.0001229652287803466
-0.0002755087074340292 -0.003405799404171038 -0.0002755087074340289
-0.0004269986211598968 -0.003405906270023482 -0.0004269986211598977
-0.0005743109819699423 -0.003381058492850347 -0.0005743109819699435
-0.0007138749193772683 -0.003330515557974819 -0.0007138749193772691
-0.0008407266573065825 -0.003254734737331829 -0.0008407266573065822
-0.0009468836558805113 -0.003156234262482475 -0.0009468836558805094
-0.001019887347399184 -0.00303998728822604 -0.001019887347399181
-0.001043090708903946 -0.002912428095259036 -0.001043090708903942
-0.000998809401534133 -0.002778945627292049 -0.0009988094015341291
-0.0008736352992961415 -0.002641296248179684 -0.0008736352992961382
-0.0006634623957696958 -0.002497243827195033 -0.0006634623957696949
-0.0003760599387112074 -0.002343539578787297 -0.0003760599387112102
-3.150607224359321e-05 -0.00218055291630732 -3.15060722436002e-05
0.00033718405984413 -0.002014970917382883 0.0003371840598441206
0.0006825238658570595 -0.001858228400221997 0.0006825238658570509
0.0009443307074785386 -0.001721900292574383 0.0009443307074785334
0.001062018836318343 -0.001613524850326999 0.001062018836318343
0.0009997436461906838 -0.001534578373405831 0.0009997436461906862
0.0007744258345370133 -0.001478629716843986 0.0007744258345370161
0.0004663986720738773 -0.001427443710678172 0.0004663986720738781
0.0001961211359803336 -0.001348326341587989 0.0001961211359803315
7.082202480074407e-05 -0.00120183692647872 7.082202480074035e-05
0.0001294859526155601 -0.0009655872425177341 0.000129485952615557
0.0003228552843202562 -0.0006645560294991565 0.0003228552843202554
0.0005460518099220162 -0.0003826635347011126 0.0005460518099220178
0.0007054973453334097 -0.0002328974919274253 0.0007054973453334123
0.000775608963237537 -0.0002912026269555984 0.0007756089632375388
0.0008060958673311758 -0.0005352669568489168 0.0008060958673311757
0.000875541925893278 -0.0008405294704071729 0.0008755419258932761
0.001025422001418573 -0.001052776488171097 0.001025422001418571
0.001221586938405952 -0.001097129055716876 0.00122158693840595
0.001368915759634462 -0.001044377314003546 0.00136891575963446
0.001367430653088439 -0.00107635117644986 0.001367430653088438
0.001173175026846748 -0.001364599672837089 0.001173175026846748
0.0008295489403501403 -0.001945976311530925 0.0008295489403501425
0.0004564121074507251 -0.002685830622510697 0.0004564121074507294
0.0002054609051328617 -0.00335430048739839 0.0002054609051328675
0.0001996078111090964 -0.003755716497650718 0.0001996078111091024
0.0004753286398873215 -0.003816760392714229 0.000475328639887326
0.0009490083125190271 -0.003583152870867478 0.0009490083125190283
0.001429799151699509 -0.003154843317248991 0.001429799151699506
0.001690155715062352 -0.002632004250562135 0.001690155715062344
0.00157451595413866 -0.002112418226912403 0.001574515954138648
0.001091640767141499 -0.001711656478054691 0.001091640767141484
0.0004279465729078562 -0.001545182209637023 0.0004279465729078348
-0.0001426441851211336 -0.001654288170832019 -0.0001426441851211668
-0.0004090200507510712 -0.001935548023615365 -0.0004090200507511269
-0.0003409406044208474 -0.002162604981497388 -0.0003409406044209419
-9.510198619810633e-05 -0.002124979573261541 -9.510198619826264e-05
9.727489222775262e-05 -0.001797300555517922 9.727489222750157e-05
8.495306393543724e-05 -0.001397202470499819 8.495306393504318e-05
-0.0001125078930511111 -0.001256865111606283 -0.000112507893051722
-0.0003355479636962526 -0.001580964050331618 -0.0003355479636971951
-0.0004062021756917499 -0.002270587612774526 -0.0004062021756932011
-0.0002482119536366349 -0.002959286341300152 -0.0002482119536388627
7.61331463495879e-05 -0.003249441998566324 7.613314634618665e-05
0.0004252569324175406 -0.002979249362980102 0.0004252569324123855
0.0006767874369276966 -0.002323418514388022 0.0006767874369199442
0.0007905518514060375 -0.001658689362482908 0.0007905518513944626
0.0008015092120025356 -0.001304464371739513 0.00080150921198536
0.0007662929335440894 -0.001334848191851549 0.0007662929335187389
0.0007153466412840781 -0.001587393977377867 0.0007153466412468465
0.0006448379140944392 -0.001832571512083306 0.0006448379140400241
0.0005423167403018186 -0.001951546468366937 0.0005423167402226797
0.0004146123991018116 -0.001986196151109339 0.0004146123989872801
0.0002929718994444499 -0.002046687800931626 0.0002929718992794902
0.0002157000526366184 -0.002178500840725247 0.0002157000524001198
0.0002066164116325984 -0.002309015443300623 0.0002066164112950316
0.0002652919495820962 -0.002311605405241141 0.0002652919491023225
0.0003706084504499004 -0.002122543035060943 0.0003706084497708416
0.0004896328233007641 -0.001808870031844222 0.0004896328223435482
0.000586200601277076 -0.001534530503862724 0.0005862005999331456
0.0006303199370483033 -0.001455928311414294 0.0006303199351688185
0.0006097061322936257 -0.001625978986268169 0.0006097061296752979
0.0005379149524542411 -0.001967887622935096 0.0005379149488204826
0.000449800280891584 -0.002323150650710514 0.0004498002758675379
0.0003825105905998473 -0.002532734118197642 0.0003825105836794543
0.0003540007300536769 -0.002504359470747899 0.0003540007205564219
0.0003565603059820947 -0.002242461044841082 0.000356560292996451
0.0003715027946896647 -0.001842048248002757 0.000371502776999475
0.0003912942319602452 -0.001456076664960652 0.0003912942079493338
0.000426396951376982 -0.001243485302915176 0.0004263969189061328
0.000487415734212104 -0.001306960412672031 0.000487415690461143
0.0005588492686079196 -0.001640576580241137 0.0005588492098739533
0.00059430024959001 -0.002116193990604118 0.0005943001710308799
0.0005478175199239111 -0.002528211195909197 0.0005478174152335696
0.0004215655730833152 -0.002686563892794831 0.0004215654340830874
0.0002866911940076675 -0.002514372998556258 0.0002866910101341878
0.0002474836706035451 -0.002094236572651752 0.0002474834282705304
0.0003640127134718006 -0.001629954225324025 0.000364012395278728
0.0005901050625555886 -0.001339157127640782 0.0005901046463117974
0.0007834189229040385 -0.001337299256336154 0.0007834183804317995
0.0007949664545551777 -0.00158314153023539 0.0007949657502299407
0.0005810017687149517 -0.001919182401822384 0.0005810008576953924
0.0002527435272026318 -0.002178375048662703 0.0002527423532974519
1.666586975279855e-05 -0.002283279985225108 1.666436286571762e-05
3.759571903830666e-05 -0.002270234417299658 3.759379212766106e-05
0.000319375432927241 -0.00222790766756705 0.0003193729784124851
0.0006924087481243147 -0.002205656185114634 0.0006924056336690492
0.0009231379881674435 -0.002170152368794255 0.0009231340517680457
0.0008708182647319563 -0.002047725410468526 0.0008708133090432859
0.0005801833341439784 -0.001815732706569511 0.000580177119979978
0.0002445281243507047 -0.001560371739035097 0.0002445203633091816
6.871162275479192e-05 -0.001441679892269866 6.87019689336152e-05
0.0001334614670416574 -0.001582736268988598 0.0001334495078395617
0.0003567729327869491 -0.001966443256860447 0.0003567581788178241
0.0005714144572842154 -0.002422965745040656 0.0005713963314810408
0.0006510069082215169 -0.002722763690427721 0.0006509847342669689
0.0005877279815176872 -0.00271039515071219 0.0005877009718149616
0.0004714515042995503 -0.002387784685610555 0.0004714187477911572
0.0004009503135093975 -0.001900031382217404 0.0004009107637655481
0.0004062351475369493 -0.001449604532451257 0.0004061876116703887
0.0004415834901132051 -0.001204482935034268 0.0004415266192353179
0.0004436386728399211 -0.001247464716919226 0.0004435709549544477
0.0003958880241190071 -0.00156706252653063 0.0003958077805548188
0.0003424848845627888 -0.002064921551212314 0.0003423902712749178
0.0003438908107335106 -0.002569832343654732 0.0003437798260497918
0.0004178231817002477 -0.002876197174346267 0.0004176936823557278
0.0005183467376755728 -0.002822981533796403 0.0005181964652526186
0.0005698947404392665 -0.002389131179261833 0.0005697213606102191
0.0005263026191477834 -0.00174137841160225 0.0005261037763886953
0.0004071771114095085 -0.00117879725685385 0.0004069505021048081
0.0002857166681362601 -0.0009832874222245802 0.0002854601352088588
0.000240438686347766 -0.001259438597054617 0.0002401503387076753
0.0003061588416191972 -0.001867817265465477 0.0003058372018032899
0.0004538837278511578 -0.002499794687655928 0.0004535279112011004
0.0006067892786097712 -0.002848970649718179 0.0006063992071750483
0.0006800457027028509 -0.00277305441305992 0.0006796223567291069
0.0006249500622150623 -0.002352747275223621 0.0006244957715505435
0.0004584562022894977 -0.00182524004679182 0.0004579749792788501
0.0002625779607508658 -0.001445076743942477 0.0002620758751507367
0.0001470563574771657 -0.001356909627259954 0.000146541952588489
0.000187541060748169 -0.001543656758425896 0.00018702580828599
0.0003732333009490978 -0.001863900777000164 0.0003727320901387342
0.0006029019881869167 -0.002145785503526644 0.0006024336421705727
0.0007423248914947511 -0.002280950374690159 0.0007419127013529258
0.000711090927276856 -0.002267201774529674 0.0007107631908271581
0.0005376002040546222 -0.002179920480755896 0.0005373907531193824
0.0003380934724167568 -0.002097066475147475 0.0003380421685057466
0.0002321771437054588 -0.002035803186024769 0.0002323303181236162
0.0002593216099384324 -0.001952721963891643 0.0002597324203137826
0.0003619671477558963 -0.001809497544214539 0.0003626958190363317
0.000446088263516864 -0.001645241670447896 0.0004472021777883185
0.0004644880461141901 -0.001579669709248453 0.0004660616423659046
0.0004495422642460302 -0.00172394438649768 0.0004516567067060904
0.0004685583072603581 -0.002063363435153484 0.0004713008794349766
0.0005457806458283319 -0.002420343337241684 0.000549243827218135
0.0006262147022522897 -0.00255514081224091 0.0006304948862247811
0.0006185794565642952 -0.002345340604984298 0.000623775271378397
0.0004814136324230504 -0.001901699060266799 0.0004876238332661426
0.0002743994510361279 -0.001510930821269004 0.0002817203594556742
0.0001252455810172897 -0.001432037859853106 0.0001337680595654776
0.0001360815502472006 -0.001701188032859417 0.0001458875146857812
0.0003062389814376514 -0.002105109281029023 0.0003173974705381344
0.0005338007090341464 -0.002349930725652921 0.0005463635527785454
0.000690938799220829 -0.002289751920286567 0.0007049359498063027
0.000708785668775858 -0.002027870311225341 0.000724220284791729
0.0006070334197294492 -0.001811393443254833 0.0006238768215145658
0.0004570053761825145 -0.001815289811354711 0.00047519201874568
0.0003224194576314285 -0.002002441692001939 0.0003418420954410655
0.000230547061004642 -0.002174181291733195 0.0002510523050082888
0.0001867323800802816 -0.002157254983069973 0.0002081168698886603
0.0002007252554402472 -0.001957981208254264 0.0002227326869604239
0.0002873975001417777 -0.001751247543736202 0.000309716759276737
0.0004390030457689457 -0.001722216035659124 0.0004612677003811947
0.0006026694456889149 -0.001905305948286256 0.0006244588392966361
0.0006966669670253054 -0.002158883170233637 0.0007175091374119327
0.0006618640919544274 -0.002288789765573229 0.0006812407052098297
0.000507745104655279 -0.002206593808619614 0.0005250985498523134
0.0003124328614168261 -0.001989288579815089 0.0003271755934988383
0.0001740447461453948 -0.001802564992374038 0.0001855708956403299
0.0001510927629724813 -0.001766087699080636 0.0001587919524584295
0.0002360242146373254 -0.001875038953186775 0.0002392974355989795
0.0003750183439956883 -0.002028342605831277 0.0003732956563681184
0.0005095046108684684 -0.002119948863998615 0.0005022643339287066
0.0006040907798322137 -0.002109923593234008 0.0005908797499791925
0.0006467487471083045 -0.002029285613409115 0.0006272031281562956
0.0006353135896332685 -0.001937423766285195 0.0006091796369928377
0.0005719706354715564 -0.001880510262592094 0.0005391247392144633
0.0004709944721259822 -0.001877689395878797 0.0004314617374722178
0.0003656479943878078 -0.001925380958196394 0.0003196185636944688
0.0002993102270219581 -0.002000348414830882 0.0002471525072980747
0.0003032137975522769 -0.002061460093589456 0.0002454837349276571
0.0003786674507646207 -0.002065459497985301 0.0003161129922162939
0.0004983336410725222 -0.001998768891934842 0.0004318935492144618
0.0006231103388469498 -0.001899672761529832 0.0005539065840021931
0.0007182573292826142 -0.001840358451731714 0.0006475803815147613
0.0007580292260012217 -0.00187144326846895 0.0006873157156862884
0.0007245621765792454 -0.001973522667733393 0.0006553645922645353
0.0006140457075622492 -0.002064617609912089 0.000547994059468401
0.0004515259379768286 -0.002066231843787298 0.0003902816369958494
0.0002975713695274717 -0.001973769704551905 0.0002427739536583125
0.0002279292595387483 -0.001866003385910682 0.0001811370366106777
0.0002888829481353438 -0.001839526978413888 0.0002515091047727126
0.0004582680081655197 -0.001923314338370015 0.0004315142447584948
0.0006470244346733302 -0.002050220247763418 0.0006318147045306804
0.0007488401975854478 -0.002113269956197948 0.0007457576309876212
0.0007064488645837984 -0.002058232298466732 0.0007156794162661722
0.0005466085826677923 -0.001930670113854716 0.000567895320504113
0.000358079854694503 -0.001836439960730039 0.0003906920679356934
0.0002305700585522456 -0.001851773587801572 0.0002732914578329871
0.0002011809693481265 -0.001961998236450231 0.0002523211201198718
0.0002452371764773666 -0.00207926181268206 0.0003026698848468727
0.0003105627401296641 -0.002118468203857732 0.0003717943197599885
0.0003614038745184823 -0.002062854780938968 0.0004236729884406456
0.0003964959038622563 -0.001966564642648513 0.0004569049296336659
0.0004328269133421898 -0.00190110413778801 0.0004885024867729077
0.000476370070095039 -0.001898593735055886 0.0005246476370107593
0.0005085623187825909 -0.001938496761969287 0.0005471862600758682
0.0004997580264951392 -0.001978990876642825 0.0005270854165003729
0.0004365815926202018 -0.0019959290641208 0.0004517742220218969
0.0003397373474831347 -0.001994425313965315 0.0003429237279892419
0.0002580464584429966 -0.001991157944075342 0.0002504336655708103
0.000242539417538279 -0.001992829410731305 0.0002264544093316521
0.0003167946688595165 -0.001993002956534197 0.0002956367050306944
0.0004602165910912594 -0.00198507145364296 0.0004383070036891119
0.0006131203979848412 -0.001972401048630463 0.0005954434228359597
0.0007024347527443833 -0.00196396882842542 0.000694273258157674
0.0006776817201701349 -0.001963267946694171 0.0006841638647274726
0.0005402069497544032 -0.001966014436471279 0.0005657929906864067
0.0003481026111693199 -0.001969868214577269 0.0003960537598794065
0.0001892741235796318 -0.001982646745480322 0.0002611556838023461
0.0001339843459580655 -0.002015317739359229 0.0002292614472013647
0.0001946108107514307 -0.0020641616957241 0.0003103951141727365
0.000319914850570922 -0.002102627709730874 0.0004509133964421264
0.0004298056117994887 -0.002097489010363928 0.0005685080347129744
0.0004677632654027901 -0.002039197288400015 0.0006048814996642175
0.0004341755528931963 -0.001957915209675035 0.0005593226135671523
0.0003775919880163964 -0.001905789540275343 0.0004801562712682301
0.0003528917764428137 -0.001916670434048666 0.0004230342620389572
0.0003802701865706778 -0.001977632639388167 0.0004099480619419482
0.0004364883701309759 -0.002038561417047974 0.0004203939082178353
0.0004822740511500068 -0.002052647411453278 0.000418575272046136
0.0005002282060644055 -0.002012807797794607 0.000391009774609527
0.0005103626279830055 -0.001953070267975533 0.0003616915977566249
0.0005504972655448378 -0.001915961546228116 0.0003720766375143631
0.000638514657656168 -0.001916792981314942 0.0004429342759472086
0.0007482770676995395 -0.001936130552507046 0.000549920560694942
0.0008198115388271114 -0.001943896680007023 0.0006335233961412276
0.0007975024323303161 -0.001929820875717916 0.0006371544720308287
0.0006690893162656272 -0.001911731444576796 0.0005462053037801596
0.0004782264664814882 -0.001916263428907906 0.000400823908053342
0.0003022434144452074 -0.001952316725042063 0.0002740314658143655
0.0002096332453153432 -0.002002109664461414 0.0002296669395240304
0.0002234195886817906 -0.002036123535051248 0.0002862575612335459
0.0003113596225158357 -0.002036354994209919 0.0004077117273647463
0.0004072548251052104 -0.002007454672287236 0.0005250453393433537
0.0004500086431037053 -0.00196931749511356 0.0005757282610148133
0.0004177528336916179 -0.001941513588702424 0.0005379356056206346
0.0003376651078830433 -0.001933659260379954 0.0004403102652855244
0.0002662775806374384 -0.001945914747744999 0.0003420435277381767
0.0002527797844539316 -0.001973184520711277 0.0002958080479530412
0.0003087003273077889 -0.0020063423925379 0.0003169773987422151
0.0004036149226756432 -0.00203173615682405 0.0003788433480073281
0.0004891176113102254 -0.002035050873899929 0.0004361359167091145
0.0005333398288272224 -0.002010701523144629 0.0004591943604700755
0.0005404855143559199 -0.001969038554991742 0.0004533065752402972
0.0005411152721839841 -0.001932188442129395 0.0004489770592302007
0.0005616561340708489 -0.001918972906651421 0.0004715996210461
0.0005983126846260295 -0.001930940001812882 0.0005156812387267797
0.0006174478094740231 -0.00195242877458512 0.000545629893627958
0.0005833261365160256 -0.001965353145778313 0.0005239254035058961
0.00049150400751863 -0.001965354963148212 0.0004448758381370752
0.0003804293883675765 -0.001964213911959566 0.0003464484144902676
0.0003099644204569331 -0.001976308993436036 0.0002888342123803452
0.0003210173488929395 -0.002002295688118559 0.0003139135325835151
0.0004053811908194774 -0.002026032575430341 0.0004147403385724996
0.0005079069608455415 -0.00202824479085145 0.0005372362502031274
0.0005600487003229043 -0.002004484778246592 0.0006132279633289563
0.0005221252834174004 -0.001970814111533937 0.0006022881296889317
0.0004066873202059346 -0.001951921461018355 0.0005148799577448611
0.0002693095465332288 -0.001962113711131628 0.0004032107102316594
0.0001748257653196272 -0.001995199206674434 0.000327846946897948
0.000161465133826152 -0.002030461815594714 0.0003225223921227311
0.0002242313707673085 -0.002047942042285989 0.0003783850606572101
0.0003248773130738095 -0.002040024397348984 0.0004548845519974123
0.0004190954190203148 -0.002012113580793322 0.0005077359981956962
0.0004823418767479161 -0.001975667582409584 0.0005151959117635366
0.0005186151295979739 -0.001941685197497333 0.0004868286751327624
0.0005487248664625909 -0.001918833444722978 0.0004512332461934293
0.0005881945944465236 -0.001913774454324105 0.0004329061397023929
0.0006314331278944257 -0.001929546188159564 0.0004350141664921988
0.0006539620457949366 -0.001962114561351689 0.0004400916034624903
0.0006312593915833167 -0.001999558749363726 0.0004275026928168937
0.0005601190709018513 -0.002027103031599377 0.0003938507555909181
0.000465669665344237 -0.002035355447279169 0.0003597029275266201
0.0003871875509172548 -0.002025122534276746 0.00035588220127292
0.0003519111209878612 -0.002004753943648371 0.000398507458455266
0.0003561629942144479 -0.001982819858130352 0.0004719116236957497
0.0003688148592495322 -0.001963065201367237 0.0005341684397790026
0.0003558203747758899 -0.001945763825390781 0.0005435737924063763
0.0003082346314618452 -0.001932772964189608 0.0004881175210048874
0.0002525453358691682 -0.001929829140796117 0.000396463781516368
0.0002345476967740239 -0.001942748388832107 0.0003215086665578596
0.0002873609318881682 -0.001970882744931094 0.000307136038496762
0.0004060080892649175 -0.002004527557220446 0.0003608081388694913
0.0005465021541645866 -0.002029576788982024 0.0004503055065038785
0.0006501603222548138 -0.002036035089389673 0.0005257957478332014
0.0006767004179456229 -0.002023594037993504 0.0005512364174575122
0.0006246672905697599 -0.002000396180003412 0.0005240096946860348
0.000527550763074194 -0.001977079175847509 0.0004713222006270941
0.0004306664577029712 -0.001961366623110355 0.0004283944106805587
0.0003655523718556115 -0.001956413811567499 0.000414932714337941
